y = 0.000000 * (x - 145.600000) + -34.700000
y = 0.000000 * (x - 145.600000) + -35.200000
x = 147.100000
x = 147.100000
x = 147.600000
y = 1.000000 * (x - 147.600000) + -33.200000
